Steps: 1	Recognition Loss: -1.00000	Translation Loss: 7922.22754	PPL: 4005.91187	Eval Metric: bleu	WER -1.00	(DEL: -1.00,	INS: -1.00,	SUB: -1.00)	BLEU-4 0.00	(BLEU-1: 2.81,	BLEU-2: 0.00,	BLEU-3: 0.00,	BLEU-4: 0.00)	CHRF 9.28	ROUGE 3.16	LR: 0.00100000	*
Steps: 2	Recognition Loss: -1.00000	Translation Loss: 8037.11230	PPL: 4069.95825	Eval Metric: bleu	WER -1.00	(DEL: -1.00,	INS: -1.00,	SUB: -1.00)	BLEU-4 0.00	(BLEU-1: 0.30,	BLEU-2: 0.00,	BLEU-3: 0.00,	BLEU-4: 0.00)	CHRF 5.20	ROUGE 0.17	LR: 0.00100000	
Steps: 3	Recognition Loss: -1.00000	Translation Loss: 7852.89990	PPL: 3364.00928	Eval Metric: bleu	WER -1.00	(DEL: -1.00,	INS: -1.00,	SUB: -1.00)	BLEU-4 0.00	(BLEU-1: 0.16,	BLEU-2: 0.00,	BLEU-3: 0.00,	BLEU-4: 0.00)	CHRF 5.20	ROUGE 0.17	LR: 0.00100000	
Steps: 4	Recognition Loss: -1.00000	Translation Loss: 7682.06396	PPL: 2987.37549	Eval Metric: bleu	WER -1.00	(DEL: -1.00,	INS: -1.00,	SUB: -1.00)	BLEU-4 0.00	(BLEU-1: 1.50,	BLEU-2: 0.00,	BLEU-3: 0.00,	BLEU-4: 0.00)	CHRF 5.39	ROUGE 2.39	LR: 0.00100000	
